SetDesc: 'CT14nnlo, 3-loop PDF evolution with HOPPET and HOPPET alphas_s running solution. This set has 57 member PDFs. mem=0 --> central value; mem=1-56 --> eigenvector sets 90%'
SetIndex: 13000 
Authors: S. Dulat, T.-J. Hou, J. Gao, M. Guzzi, J. Huston, P. Nadolsky, J. Pumplin, C. Schmidt, D. Stump, C.-P.Yuan
Reference: arXiv:1506.07443
Format: lhagrid1
DataVersion: 1
NumMembers: 57
Particle: 2212
Flavors: [-5, -4, -3, -2, -1, 1, 2, 3, 4, 5, 21]
ForcePositive: 1
OrderQCD: 2
FlavorScheme: variable
NumFlavors: 5
ErrorType: hessian
ErrorConfLevel: 90
XMin: 1.000000e-09
XMax: 1
QMin: 1.295000e+00
QMax: 100000
MZ: 91.1876
MUp: 0
MDown: 0
MStrange: 0
MCharm: 1.3
MBottom: 4.75
MTop: 172
AlphaS_MZ: 0.118000
AlphaS_OrderQCD: 2
AlphaS_Type: ipol
AlphaS_Qs:  [1.295000e+00, 1.298750e+00, 1.464610e+00, 1.659240e+00, 1.890670e+00, 2.167490e+00, 2.500670e+00, 2.904300e+00, 3.396640e+00, 4.001450e+00, 4.750000e+00, 5.767150e+00, 7.070720e+00, 8.758190e+00, 1.096570e+01, 1.388560e+01, 1.779290e+01, 2.308550e+01, 3.034710e+01, 4.044480e+01, 5.468640e+01, 7.507240e+01, 1.047120e+02, 1.485170e+02, 2.143800e+02, 3.152120e+02, 4.725370e+02, 7.229460e+02, 1.129950e+03, 1.806160e+03, 2.955930e+03, 4.958860e+03, 8.538140e+03, 1.510790e+04, 2.751070e+04, 5.162750e+04, 1.000000e+05]
AlphaS_Vals: [3.787120e-01, 3.779540e-01, 3.534340e-01, 3.301940e-01, 3.091880e-01, 2.900980e-01, 2.726630e-01, 2.566730e-01, 2.419520e-01, 2.283560e-01, 2.157600e-01, 2.046380e-01, 1.939230e-01, 1.838560e-01, 1.743880e-01, 1.654730e-01, 1.570710e-01, 1.491440e-01, 1.416600e-01, 1.345880e-01, 1.279020e-01, 1.215750e-01, 1.155860e-01, 1.099130e-01, 1.045370e-01, 9.943980e-02, 9.460490e-02, 9.001710e-02, 8.566220e-02, 8.152710e-02, 7.759950e-02, 7.386790e-02, 7.032160e-02, 6.695060e-02, 6.374560e-02, 6.069780e-02, 5.779900e-02]
