# INITIALPDFS_8GDU - ALEPH - bad limits

§ FINAL PARAMETERS:
§ Name	 | Value
§ A_g1	 = -0.558069
§ B_g1	 = -0.907284
§ AN_d1	 = -1.589
§ A_d1	 = 0.553602
§ B_d1	 = -0.599636
§ AN_u1	 = 0.801003
§ A_u1	 = 0.382776
§ B_u1	 = -0.00829674
§ AN_g1 = 0.354787
§ chi2	 = 1.83298

minimum: 
Minuit did successfully converge.
number of function calls: 1360
minimum function Value: 1.832979123172
minimum edm: 5.97370638066e-06
minimum internal state vector: LAVector parameters:
     -2.354510035869
      6.834513457137
      42.57725685089
      1.045019867302
      6.523434428292
      40.18655706674
      1.270989230316
      5.924494049977

minimum internal covariance matrix: LASymMatrix parameters:
      1.8134068     0.11667796     -3.4447527      2.4147238     0.74788071      2.1585826      2.5074597      1.0636514
     0.11667796    0.056241003    -0.72396725     0.35626512     0.15233108     0.37894508     0.44995391     0.15970272
     -3.4447527    -0.72396725      19.200622     -13.376884     -3.8159984     -6.6780492     -9.1291483     -1.5785096
      2.4147238     0.35626512     -13.376884      10.556343      2.5701068      3.7210915      5.8791552     0.33487707
     0.74788071     0.15233108     -3.8159984      2.5701068     0.77993983      1.4555523      1.8868429     0.44940591
      2.1585826     0.37894508     -6.6780492      3.7210915      1.4555523      4.0000065      4.4469662      1.9517976
      2.5074597     0.44995391     -9.1291483      5.8791552      1.8868429      4.4469662      5.5040287      1.7667797
      1.0636514     0.15970272     -1.5785096     0.33487707     0.44940591      1.9517976      1.7667797      1.3951386


  ext. ||   Name    ||   type  ||     Value     ||  Error +/- 

   0   ||      A_g1 || limited ||    -0.5580690977781 ||1.207027087113
   1   ||      B_g1 || limited ||    -0.9072841403687 ||0.234650476335
   2   ||     AN_d1 || limited ||     -1.588998590556 ||4.380630478324
   3   ||      A_d1 || limited ||     0.5536022251625 ||1.968230087763
   4   ||      B_d1 || limited ||    -0.5996361066521 ||0.8727623719532
   5   ||     AN_u1 || limited ||     0.8010028871564 ||1.999381155447
   6   ||      A_u1 || limited ||     0.3827759513354 ||1.142241692698
   7   ||      B_u1 || limited ||  -0.008296742689265 ||1.164038041181



# INITIALPDFS_5GQ - ALEPH

§ FINAL PARAMETERS:
§ Name	 | Value
§ A_g1	 = -0.999999
§ B_g1	 = 1.63001
§ AN_q1	 = 0.24468
§ A_q1	 = 0.0337417
§ B_q1	 = 5
§ AN_g1 = 2.0219e-07
§ chi2	 = 48.7004

minimum: 
Minuit did successfully converge.
number of function calls: 820
minimum function Value: 48.70035854937
minimum edm: 2.911054841155e-06
minimum internal state vector: LAVector parameters:
     -1.571818175668
      5.927751648412
     -1.414213889371
    0.03374807638949
      1.570751396949

minimum internal covariance matrix: LASymMatrix parameters:
      2.9404118      2257.9227  0.00013053559   0.0022293992  4.5585242e-06
      2257.9227      3452392.9     0.13361335      1.7267544   0.0019319774
  0.00013053559     0.13361335   0.0076347161    0.035451623  -0.0011348897
   0.0022293992      1.7267544    0.035451623      0.1667057  -0.0043758921
  4.5585242e-06   0.0019319774  -0.0011348897  -0.0043758921      3.7506975


  ext. ||   Name    ||   type  ||     Value     ||  Error +/- 

   0   ||      A_g1 || limited ||    -0.9999994779125 ||1.572240225542
   1   ||      B_g1 || limited ||        1.6300076221 ||4.168026327406
   2   ||     AN_q1 || limited ||     0.2446800602819 ||0.2721702181964
   3   ||      A_q1 || limited ||    0.03374167062322 ||0.3968199770289
   4   ||      B_q1 || limited ||      4.999999997477** ||4.197261107155

** Parameter is at Upper limit



# INITIALPDFS_9GDUS - ALEPH, AMY
§ FINAL PARAMETERS:
§ Name	 | Value
§ K_s1	 = 1.57402e-06
§ A_g1	 = -0.999999
§ B_g1	 = 4.50864
§ AN_d1	 = 7.0056e-10
§ A_d1	 = 0.971061
§ B_d1	 = 4.87793
§ AN_u1	 = 0.649232
§ A_u1	 = 0.218069
§ B_u1	 = 4.99999
§ AN_g1	 = 6.16145e-07
§ chi2	 = 135.636

minimum: 
Minuit did successfully converge.
number of function calls: 1361
minimum function Value: 135.6355671357
minimum edm: 9.706323551605e-08
minimum internal state vector: LAVector parameters:
     -1.570399587445
      23.56362892225
     -79.47289516244
     -1.570804696736
        1.8119594167
     -4.398599921801
     -1.315301624431
     0.2198353633245
      1.567911014955

minimum internal covariance matrix: LASymMatrix parameters:
   0.0013080914 -8.4098753e-09 -1.5255606e-06 -4.0348391e-07    0.039095016    0.043870279 -5.0165135e-09  1.4866819e-08 -1.4806308e-09
 -8.4098753e-09   0.0044099872   -0.066270488 -8.5349509e-07    0.082702358    0.092799842 -1.4153864e-08   4.442377e-08 -3.2465438e-09
 -1.5255606e-06   -0.066270488      10301.502   0.0002137254     -20.825776     -23.296052 -2.5679749e-06  7.8632329e-06 -6.4680409e-07
 -4.0348391e-07 -8.5349509e-07   0.0002137254     0.45216436     -43814.678     -49163.507  -5.529358e-07  1.5850328e-06 -1.9238812e-07
    0.039095016    0.082702358     -20.825776     -43814.678  4.2703954e+09  4.7638997e+09    0.053578023    -0.15358537    0.018644603
    0.043870279    0.092799842     -23.296052     -49163.507  4.7638997e+09  5.3620298e+09    0.060120168    -0.17233902    0.020921177
 -5.0165135e-09 -1.4153864e-08 -2.5679749e-06  -5.529358e-07    0.053578023    0.060120168  1.2498827e-06  2.4644839e-08 -2.3122025e-09
  1.4866819e-08   4.442377e-08  7.8632329e-06  1.5850328e-06    -0.15358537    -0.17233902  2.4644839e-08  1.1490899e-05  6.2556465e-09
 -1.4806308e-09 -3.2465438e-09 -6.4680409e-07 -1.9238812e-07    0.018644603    0.020921177 -2.3122025e-09  6.2556465e-09    0.012028122


  ext. ||   Name    ||   type  ||     Value     ||  Error +/- 

   0   ||      K_s1 || limited ||  1.574021097905e-06 ||0.01307948745287
   1   ||      A_g1 || limited ||    -0.9999985820381 ||0.002204180238901
   2   ||      B_g1 || limited ||      4.508641908686 ||2.679188081335
   3   ||     AN_d1 || limited ||  7.005596103227e-10* ||4.353813786936
   4   ||      A_d1 || limited ||     0.9710608483869 ||1.970282209636
   5   ||      B_d1 || limited ||      4.877927128262 ||3.386655270482
   6   ||     AN_u1 || limited ||     0.6492321822901 ||0.005650815908641
   7   ||      A_u1 || limited ||     0.2180689516123 ||0.003308234961172
   8   ||      B_u1 || limited ||      4.999989593727 ||0.01502002592953

* Parameter is at Lower limit
